   1 | 22.8667 |     34.5
   1 | 22.8667 |     52.5
   1 | 23.3333 |     52.5
   1 | 23.3333 |       50
   1 | 23.5833 |       50
   1 | 23.5833 |       48
   1 | 0.16667 |       48
   1 | 0.16667 |       46
   1 | 0.86667 |       46
   1 | 0.86667 |       48
   1 | 1.11667 |       48
   1 | 1.11667 |       50
   1 | 1.36667 |       50
   1 | 1.66667 |       50
   1 | 1.66667 |       47
   1 | 2.04167 |       47
   1 | 2.04167 |     50.5
   1 | 2.51667 |     50.5
   1 | 2.51667 |    36.75
   1 |       2 |    36.75
   1 |       2 |       35
   1 | 1.40833 |       35
   1 | 1.40833 |       33
   1 | 0.71667 |       33
   1 | 0.71667 |    23.75
   1 |    0.85 |    23.75
   1 |    0.85 |       21
   1 | 0.14167 |       21
   1 | 0.14167 |       22
   1 | 0.06667 |       22
   1 | 0.06667 |       28
   1 |       0 |       28
   1 |       0 |  31.3333
   1 |   23.75 |  31.3333
   1 |   23.75 |  32.0833
   1 |    23.5 |  32.0833
   1 |    23.5 |     34.5
   2 | 9.36667 |      -24
   2 |    9.75 |      -24
   2 |    9.75 |    -26.5
   2 |   10.25 |    -26.5
   2 |   10.25 | -29.1667
   2 | 10.5833 | -29.1667
   2 | 10.5833 | -31.1667
   2 | 10.8333 | -31.1667
   2 | 10.8333 |      -35
   2 |      11 |      -35
   2 |      11 |   -39.75
   2 | 9.36667 |   -39.75
   2 | 9.36667 |   -36.75
   3 | 13.6667 |    -82.5
   3 | 13.6667 |      -75
   3 | 13.6667 |      -70
   3 |   14.75 |      -70
   3 |      17 |      -70
   3 |      17 |    -67.5
   3 |    17.5 |    -67.5
   3 |      18 |    -67.5
   3 |      18 |      -75
   3 |      18 |    -82.5
   4 | 20.5333 |        0
   4 | 20.5333 |        2
   4 | 20.8333 |        2
   4 | 21.3333 |        2
   4 | 21.4667 |        2
   4 | 21.4667 |     2.75
   4 | 21.6667 |     2.75
   4 | 21.6667 |     1.75
   4 |      22 |     1.75
   4 |      22 |        2
   4 |   22.75 |        2
   4 |   22.75 |        0
   4 |   22.75 |       -4
   4 | 23.8333 |       -4
   4 | 23.8333 |       -7
   4 | 23.8333 |    -25.5
   4 |      23 |    -25.5
   4 | 21.8667 |    -25.5
   4 | 21.8667 |       -9
   4 | 21.3333 |       -9
   4 | 21.3333 |      -15
   4 | 20.5333 |      -15
   4 | 20.5333 |       -9
   5 | 18.5833 |        0
   5 | 18.5833 |        2
   5 | 18.8667 |        2
   5 | 18.8667 |     6.25
   5 | 18.6622 |     6.25
   5 | 18.6622 |       12
   5 | 18.8667 |       12
   5 | 18.8667 |     18.5
   5 |      19 |     18.5
   5 |      19 |  16.1667
   5 | 19.8333 |  16.1667
   5 | 19.8333 |    15.75
   5 | 20.1417 |    15.75
   5 | 20.1417 |      8.5
   5 |    20.3 |      8.5
   5 |    20.3 |        2
   5 | 20.5333 |        2
   5 | 20.5333 |        0
   5 | 20.5333 |       -9
   5 |      20 |       -9
   5 |      20 | -12.0333
   5 | 18.8667 | -12.0333
   5 | 18.8667 |       -4
   5 | 18.5833 |       -4
   6 | 16.4208 |      -60
   6 | 16.4208 |    -45.5
   6 | 17.8333 |    -45.5
   6 |      18 |    -45.5
   6 |      18 |      -57
   6 |    17.5 |      -57
   6 |    17.5 |    -67.5
   6 |      17 |    -67.5
   6 | 16.8333 |    -67.5
   6 | 16.8333 |      -65
   6 |   16.75 |      -65
   6 |   16.75 | -63.5833
   6 | 16.5833 | -63.5833
   6 | 16.5833 |      -61
   6 | 16.4208 |      -61
   7 |       2 |  9.91667
   7 | 1.66667 |  9.91667
   7 | 1.66667 |       25
   7 | 1.91667 |       25
   7 | 1.91667 |    27.25
   7 | 2.41667 |    27.25
   7 | 2.41667 |  30.6667
   7 | 2.71667 |  30.6667
   7 | 3.36667 |  30.6667
   7 | 3.36667 |       19
   7 | 3.28333 |       19
   7 | 3.28333 |  9.91667
   8 |     4.5 |  30.6667
   8 |     4.5 |       36
   8 | 4.69167 |       36
   8 | 4.69167 |     52.5
   8 |       5 |     52.5
   8 |       5 |       56
   8 |     6.1 |       56
   8 |     6.1 |       54
   8 |     6.5 |       54
   8 |     6.5 |       50
   8 |     6.8 |       50
   8 |     6.8 |     44.5
   8 | 7.36667 |     44.5
   8 | 7.36667 |     35.5
   8 | 6.53333 |     35.5
   8 | 6.53333 |       28
   8 | 5.88333 |       28
   8 | 5.88333 |     28.5
   8 |    4.75 |     28.5
   8 |    4.75 |       30
   8 |     4.5 |       30
   9 | 15.0833 |        8
   9 |    13.5 |        8
   9 |    13.5 |       15
   9 |    13.5 |     28.5
   9 | 13.9583 |     28.5
   9 | 13.9583 |    30.75
   9 | 14.0333 |    30.75
   9 | 14.0333 |     48.5
   9 | 14.0333 |     55.5
   9 | 14.4167 |     55.5
   9 |   15.25 |     55.5
   9 |   15.25 |       53
   9 |   15.75 |       53
   9 |   15.75 |     51.5
   9 |   15.75 |       40
   9 | 15.4333 |       40
   9 | 15.4333 |       33
   9 | 15.1833 |       33
   9 | 15.1833 |       26
   9 | 15.0833 |       26
  10 | 4.26667 |      -40
  10 | 4.26667 |      -37
  10 | 4.58333 |      -37
  10 | 4.58333 |      -30
  10 |     4.7 |      -30
  10 |     4.7 |   -27.25
  10 | 4.83333 |   -27.25
  10 |       5 |   -27.25
  10 |       5 |      -43
  10 | 4.83333 |      -43
  10 | 4.83333 |    -46.5
  10 |     4.5 |    -46.5
  10 |     4.5 |      -49
  10 | 4.26667 |      -49
  11 |     6.1 |       56
  11 |       5 |       56
  11 |       5 |     52.5
  11 | 4.69167 |     52.5
  11 | 3.33333 |     52.5
  11 | 3.33333 |       55
  11 | 3.16667 |       55
  11 | 3.16667 |       57
  11 |     3.1 |       57
  11 |     3.1 |       68
  11 | 3.41667 |       68
  11 | 3.41667 |       77
  11 | 3.50833 |       77
  11 | 3.50833 |       80
  11 |       5 |       80
  11 |       5 |       85
  11 |       8 |       85
  11 |       8 |     86.5
  11 |    14.5 |     86.5
  11 |    14.5 |       80
  11 | 13.5833 |       80
  11 | 13.5833 |       77
  11 |      13 |       77
  11 |    11.5 |       77
  11 |    11.5 |       80
  11 | 10.6667 |       80
  11 | 10.6667 |       82
  11 | 9.16667 |       82
  11 | 9.16667 |     73.5
  11 | 7.96667 |     73.5
  11 | 7.96667 |       60
  11 |       7 |       60
  11 |       7 |       62
  11 |     6.1 |       62
  12 |    9.25 |        7
  12 | 8.08333 |        7
  12 |   7.925 |        7
  12 |   7.925 |       10
  12 | 7.80833 |       10
  12 | 7.80833 |     13.5
  12 | 7.80833 |       20
  12 | 7.88333 |       20
  12 | 7.88333 |       28
  12 |       8 |       28
  12 |       8 |     33.5
  12 |    9.25 |     33.5
  13 |      12 |       34
  13 |      12 |       45
  13 | 12.0833 |       45
  13 | 12.0833 |       53
  13 |    13.5 |       53
  13 |    13.5 |     48.5
  13 | 14.0333 |     48.5
  13 | 14.0333 |    30.75
  13 | 13.9583 |    30.75
  13 | 13.9583 |     28.5
  13 |    13.5 |     28.5
  13 |   13.25 |     28.5
  13 |   13.25 |       32
  13 | 12.3333 |       32
  13 | 12.3333 |       34
  14 | 6.11667 |      -11
  14 | 7.36667 |      -11
  14 | 7.36667 |      -33
  14 | 6.58333 |      -33
  14 | 6.11667 |      -33
  14 | 6.11667 |   -27.25
  15 | 8.08333 |        0
  15 |     7.2 |        0
  15 |     7.2 |      1.5
  15 | 7.01667 |      1.5
  15 | 7.01667 |      5.5
  15 |       7 |      5.5
  15 |       7 |       10
  15 |       7 |     12.5
  15 |     7.5 |     12.5
  15 |     7.5 |     13.5
  15 | 7.80833 |     13.5
  15 | 7.80833 |       10
  15 |   7.925 |       10
  15 |   7.925 |        7
  15 | 8.08333 |        7
  16 | 20.5333 |       -9
  16 | 20.5333 |      -15
  16 | 21.3333 |      -15
  16 | 21.3333 |       -9
  16 | 21.8667 |       -9
  16 | 21.8667 |    -25.5
  16 | 21.3333 |    -25.5
  16 | 21.3333 |      -28
  16 | 20.3333 |      -28
  16 |      20 |      -28
  16 |      20 | -12.0333
  16 |      20 |       -9
  17 |   11.25 |    -56.5
  17 |   11.25 |      -64
  17 |   11.25 |      -75
  17 | 9.03333 |      -75
  17 | 9.03333 |      -64
  17 | 6.83333 |      -64
  17 | 6.83333 |      -58
  17 |     6.5 |      -58
  17 |     6.5 |      -55
  17 | 6.16667 |      -55
  17 | 6.16667 |    -52.5
  17 |       6 |    -52.5
  17 |       6 |   -50.75
  17 |       8 |   -50.75
  17 | 8.16667 |   -50.75
  17 | 8.16667 |      -53
  17 |    8.45 |      -53
  17 |    8.45 |    -54.5
  17 | 8.83333 |    -54.5
  17 | 8.83333 |    -56.5
  17 |      11 |    -56.5
  18 | 22.8667 |     52.5
  18 | 22.8667 |    56.25
  18 | 22.8667 |  59.0833
  18 | 23.1667 |  59.0833
  18 | 23.1667 |       63
  18 | 23.5833 |       63
  18 | 23.5833 |       66
  18 | 0.33333 |       66
  18 | 0.33333 |       77
  18 | 3.41667 |       77
  18 | 3.41667 |       68
  18 |     3.1 |       68
  18 |     3.1 |       57
  18 | 2.43333 |       57
  18 | 2.43333 |     58.5
  18 | 1.90833 |     58.5
  18 | 1.90833 |     57.5
  18 |     1.7 |     57.5
  18 |     1.7 |       54
  18 | 1.36667 |       54
  18 | 1.36667 |       50
  18 | 1.11667 |       50
  18 | 1.11667 |       48
  18 | 0.86667 |       48
  18 | 0.86667 |       46
  18 | 0.16667 |       46
  18 | 0.16667 |       48
  18 | 23.5833 |       48
  18 | 23.5833 |       50
  18 | 23.3333 |       50
  18 | 23.3333 |     52.5
  19 |      11 |      -35
  19 |   12.25 |      -35
  19 |   12.25 |      -33
  19 | 12.5833 |      -33
  19 | 12.5833 |    -29.5
  19 | 14.9167 |    -29.5
  19 | 14.9167 |      -42
  19 | 14.1667 |      -42
  19 | 14.1667 |      -55
  19 | 14.5333 |      -55
  19 | 14.5333 |      -64
  19 |    13.5 |      -64
  19 | 12.8333 |      -64
  19 | 12.8333 |      -55
  19 | 11.8333 |      -55
  19 | 11.8333 |      -64
  19 |   11.25 |      -64
  19 |   11.25 |    -56.5
  19 |      11 |    -56.5
  19 |      11 |   -39.75
  20 |      20 |     59.5
  20 |      20 |     61.5
  20 | 20.4167 |     61.5
  20 | 20.4167 |       67
  20 | 20.6667 |       67
  20 | 20.6667 |       75
  20 | 20.1667 |       75
  20 | 20.1667 |       80
  20 |      21 |       80
  20 |      21 |       86
  20 |      21 |  86.1667
  20 |      23 |  86.1667
  20 |      23 |       88
  20 |       8 |       88
  20 |       8 |     86.5
  20 |       8 |       85
  20 |       5 |       85
  20 |       5 |       80
  20 | 3.50833 |       80
  20 | 3.50833 |       77
  20 | 3.41667 |       77
  20 | 0.33333 |       77
  20 | 0.33333 |       66
  20 | 23.5833 |       66
  20 | 23.5833 |       63
  20 | 23.1667 |       63
  20 | 23.1667 |  59.0833
  20 | 22.8667 |  59.0833
  20 | 22.8667 |    56.25
  20 | 22.3167 |    56.25
  20 | 22.3167 |       55
  20 | 22.1333 |       55
  20 | 22.1333 |    52.75
  20 | 21.9667 |    52.75
  20 | 21.9667 |  54.8333
  20 |    20.6 |  54.8333
  20 |    20.6 |  60.9167
  20 | 20.5367 |  60.9167
  20 | 20.5367 |     59.5
  21 | 0.33333 |        0
  21 | 0.33333 |        2
  21 |       2 |        2
  21 |       2 |  9.91667
  21 | 3.28333 |  9.91667
  21 | 3.28333 |        0
  21 | 3.28333 |    -1.75
  21 |    2.65 |    -1.75
  21 |    2.65 | -24.3833
  21 | 1.66667 | -24.3833
  21 | 1.66667 |    -25.5
  21 | 23.8333 |    -25.5
  21 | 23.8333 |       -7
  21 | 0.33333 |       -7
  22 | 7.66667 |    -82.5
  22 | 7.66667 |      -75
  22 | 9.03333 |      -75
  22 |   11.25 |      -75
  22 | 13.6667 |      -75
  22 | 13.6667 |    -82.5
  23 |    13.5 |      -64
  23 | 14.5333 |      -64
  23 | 14.5333 |      -55
  23 |   15.05 |      -55
  23 | 15.3333 |      -55
  23 | 15.3333 |      -60
  23 | 15.3333 |      -61
  23 | 15.1667 |      -61
  23 | 15.1667 | -63.5833
  23 | 14.9167 | -63.5833
  23 | 14.9167 |    -67.5
  23 |   14.75 |    -67.5
  23 |   14.75 |      -70
  23 | 13.6667 |      -70
  23 | 13.6667 |      -65
  23 |    13.5 |      -65
  24 |       5 |      -43
  24 |       5 |   -27.25
  24 | 6.11667 |   -27.25
  24 | 6.11667 |      -33
  24 | 6.58333 |      -33
  24 | 6.58333 |      -43
  24 |       6 |      -43
  25 | 11.8667 |       14
  25 | 11.8667 |       29
  25 |      12 |       29
  25 |      12 |       34
  25 | 12.3333 |       34
  25 | 12.3333 |       32
  25 |   13.25 |       32
  25 |   13.25 |     28.5
  25 |    13.5 |     28.5
  25 |    13.5 |       15
  25 | 12.8333 |       15
  25 | 12.8333 |       14
  26 | 17.8333 |      -37
  26 | 19.1667 |      -37
  26 | 19.1667 |    -45.5
  26 |      18 |    -45.5
  26 | 17.8333 |    -45.5
  27 | 15.1833 |       26
  27 | 15.1833 |       33
  27 | 15.4333 |       33
  27 | 15.4333 |       40
  27 |   15.75 |       40
  27 | 16.3333 |       40
  27 | 16.3333 |       27
  27 | 16.1667 |       27
  27 | 16.1667 |       26
  27 | 16.0333 |       26
  28 | 12.8333 |      -11
  28 | 12.8333 |      -22
  28 | 12.5833 |      -22
  28 | 12.5833 |    -24.5
  28 | 11.8333 |    -24.5
  28 | 11.8333 |      -11
  29 |   10.75 |       -6
  29 | 11.5167 |       -6
  29 | 11.8333 |       -6
  29 | 11.8333 |      -11
  29 | 11.8333 |    -24.5
  29 | 10.8333 |    -24.5
  29 | 10.8333 |      -19
  29 |   10.75 |      -19
  29 |   10.75 |      -11
  30 | 11.8333 |      -55
  30 | 12.8333 |      -55
  30 | 12.8333 |      -64
  30 | 11.8333 |      -64
  31 | 19.2583 |     27.5
  31 | 19.2583 |       30
  31 | 19.3583 |       30
  31 | 19.3583 |     36.5
  31 |    19.4 |     36.5
  31 |    19.4 |     43.5
  31 | 19.1667 |     43.5
  31 | 19.1667 |     47.5
  31 | 19.0833 |     47.5
  31 | 19.0833 |     55.5
  31 | 19.4167 |     55.5
  31 | 19.4167 |       58
  31 | 19.7667 |       58
  31 | 19.7667 |     59.5
  31 |      20 |     59.5
  31 | 20.5367 |     59.5
  31 | 20.5367 |  60.9167
  31 |    20.6 |  60.9167
  31 |    20.6 |  54.8333
  31 | 21.9667 |  54.8333
  31 | 21.9667 |    52.75
  31 | 21.9667 |       44
  31 | 21.9083 |       44
  31 | 21.9083 |    43.75
  31 |  21.875 |    43.75
  31 |  21.875 |       36
  31 | 21.7333 |       36
  31 | 21.7333 |       28
  31 | 21.4167 |       28
  31 | 20.9167 |       28
  31 | 20.9167 |       29
  31 | 19.6667 |       29
  31 | 19.6667 |     27.5
  32 | 20.5333 |        2
  32 |    20.3 |        2
  32 |    20.3 |      8.5
  32 | 20.1417 |      8.5
  32 | 20.1417 |    15.75
  32 |   20.25 |    15.75
  32 |   20.25 |     20.5
  32 | 20.5667 |     20.5
  32 | 20.5667 |     19.5
  32 |   21.05 |     19.5
  32 |   21.05 |  11.8333
  32 |  20.875 |  11.8333
  32 |  20.875 |        6
  32 | 20.8333 |        6
  32 | 20.8333 |        2
  33 | 3.83333 | -53.1667
  33 | 3.83333 |      -51
  33 | 4.08333 |      -51
  33 | 4.08333 |      -49
  33 | 4.26667 |      -49
  33 |     4.5 |      -49
  33 |     4.5 |      -54
  33 |       5 |      -54
  33 |       5 |    -57.5
  33 |     5.5 |    -57.5
  33 |     5.5 |      -61
  33 |       6 |      -61
  33 |       6 |      -64
  33 | 6.58333 |      -64
  33 | 6.58333 |      -70
  33 | 4.58333 |      -70
  33 | 4.58333 |    -67.5
  33 | 4.58333 |      -59
  33 | 4.33333 |      -59
  33 | 4.33333 |    -56.5
  33 |       4 |    -56.5
  33 |       4 | -53.1667
  34 | 9.16667 |     73.5
  34 | 9.16667 |       82
  34 | 10.6667 |       82
  34 | 10.6667 |       80
  34 |    11.5 |       80
  34 |    11.5 |       77
  34 |      13 |       77
  34 |      13 |       70
  34 |      14 |       70
  34 |      14 |       66
  34 | 15.6667 |       66
  34 | 15.6667 |       70
  34 | 16.5333 |       70
  34 | 16.5333 |       75
  34 |    17.5 |       75
  34 |    17.5 |       80
  34 |      18 |       80
  34 |      18 |       86
  34 |      21 |       86
  34 |      21 |       80
  34 | 20.1667 |       80
  34 | 20.1667 |       75
  34 | 20.6667 |       75
  34 | 20.6667 |       67
  34 | 20.4167 |       67
  34 | 20.4167 |     61.5
  34 |      20 |     61.5
  34 |      20 |     59.5
  34 | 19.7667 |     59.5
  34 | 19.7667 |       58
  34 | 19.4167 |       58
  34 | 19.4167 |     55.5
  34 | 19.0833 |     55.5
  34 | 19.0833 |     47.5
  34 | 18.2333 |     47.5
  34 | 18.2333 |     50.5
  34 |      17 |     50.5
  34 |      17 |     51.5
  34 |   15.75 |     51.5
  34 |   15.75 |       53
  34 |   15.25 |       53
  34 |   15.25 |     55.5
  34 | 14.4167 |     55.5
  34 | 14.4167 |       63
  34 |    13.5 |       63
  34 |    13.5 |       64
  34 |      12 |       64
  34 |      12 |     66.5
  34 | 11.3333 |     66.5
  34 | 11.3333 |     73.5
  36 | 3.58333 |        0
  36 | 4.61667 |        0
  36 | 4.66667 |        0
  36 | 4.66667 |       -4
  36 | 5.08333 |       -4
  36 | 5.08333 |      -11
  36 | 4.91667 |      -11
  36 | 4.91667 |    -14.5
  36 | 4.83333 |    -14.5
  36 | 4.83333 |   -27.25
  36 |     4.7 |   -27.25
  36 |     4.7 |      -30
  36 | 4.58333 |      -30
  36 | 4.58333 |      -37
  36 | 4.26667 |      -37
  36 | 4.26667 |      -40
  36 | 3.86667 |      -40
  36 | 3.86667 |      -44
  36 | 3.41667 |      -44
  36 | 3.41667 |      -46
  36 |       3 |      -46
  36 |       3 |      -49
  36 | 2.66667 |      -49
  36 | 2.66667 |      -51
  36 | 2.41667 |      -51
  36 | 2.41667 |      -54
  36 | 2.16667 |      -54
  36 | 2.16667 |    -58.5
  36 | 1.33333 |    -58.5
  36 | 1.33333 |    -53.5
  36 | 1.58333 |    -53.5
  36 | 1.58333 |    -51.5
  36 | 1.83333 |    -51.5
  36 | 1.83333 | -48.1667
  36 | 2.33333 | -48.1667
  36 | 2.33333 |      -40
  36 |       3 |      -40
  36 |       3 | -39.5833
  36 |     3.5 | -39.5833
  36 |     3.5 |      -36
  36 |    3.75 |      -36
  36 |    3.75 | -24.3833
  36 |    2.65 | -24.3833
  36 |    2.65 |    -1.75
  36 | 3.28333 |    -1.75
  36 | 3.58333 |    -1.75
  37 | 1.66667 | -24.3833
  37 |    2.65 | -24.3833
  37 |    3.75 | -24.3833
  37 |    3.75 |      -36
  37 |     3.5 |      -36
  37 |     3.5 | -39.5833
  37 |       3 | -39.5833
  37 |       3 |      -40
  37 | 2.33333 |      -40
  37 | 1.66667 |      -40
  37 | 1.66667 |    -25.5
  38 | 6.30833 |       12
  38 | 6.30833 |     17.5
  38 | 6.21667 |     17.5
  38 | 6.21667 |     21.5
  38 | 5.88333 |     21.5
  38 | 5.88333 |  22.8333
  38 | 5.88333 |       28
  38 | 6.53333 |       28
  38 | 6.53333 |     35.5
  38 | 7.36667 |     35.5
  38 |    7.75 |     35.5
  38 |    7.75 |     33.5
  38 |       8 |     33.5
  38 |       8 |       28
  38 | 7.88333 |       28
  38 | 7.88333 |       20
  38 | 7.80833 |       20
  38 | 7.80833 |     13.5
  38 |     7.5 |     13.5
  38 |     7.5 |     12.5
  38 |       7 |     12.5
  38 |       7 |       10
  38 | 6.93333 |       10
  38 | 6.93333 |       12
  39 | 21.3333 |      -37
  39 |      23 |      -37
  39 | 23.3333 |      -37
  39 | 23.3333 |      -40
  39 | 23.3333 |      -57
  39 |      22 |      -57
  39 |      22 |      -50
  39 | 21.3333 |      -50
  39 | 21.3333 |    -45.5
  40 | 16.2667 |        4
  40 | 16.0833 |        4
  40 | 16.0833 |       16
  40 | 15.9167 |       16
  40 | 15.9167 |       22
  40 | 16.0333 |       22
  40 | 16.0333 |       26
  40 | 16.1667 |       26
  40 | 16.1667 |       27
  40 | 16.3333 |       27
  40 | 16.3333 |       40
  40 |   15.75 |       40
  40 |   15.75 |     51.5
  40 |      17 |     51.5
  40 |      17 |     50.5
  40 | 18.2333 |     50.5
  40 | 18.2333 |     47.5
  40 |  18.175 |     47.5
  40 |  18.175 |       30
  40 | 18.3667 |       30
  40 | 18.3667 |       26
  40 | 18.8667 |       26
  40 | 18.8667 |     25.5
  40 | 18.8667 |  21.0833
  40 | 18.8667 |     18.5
  40 | 18.8667 |       12
  40 | 18.6622 |       12
  40 |   18.25 |       12
  40 |   18.25 |  14.3333
  40 |   17.25 |  14.3333
  40 |   17.25 |  12.8333
  40 |   16.75 |  12.8333
  40 |   16.75 |        4
  41 | 4.26667 |      -40
  41 | 4.26667 |      -49
  41 | 4.08333 |      -49
  41 | 4.08333 |      -51
  41 | 3.83333 |      -51
  41 | 3.83333 | -53.1667
  41 |     3.5 | -53.1667
  41 |     3.5 |    -57.5
  41 |     3.2 |    -57.5
  41 |     3.2 |    -67.5
  41 | 2.16667 |    -67.5
  41 | 2.16667 |    -58.5
  41 | 2.16667 |      -54
  41 | 2.41667 |      -54
  41 | 2.41667 |      -51
  41 | 2.66667 |      -51
  41 | 2.66667 |      -49
  41 |       3 |      -49
  41 |       3 |      -46
  41 | 3.41667 |      -46
  41 | 3.41667 |      -44
  41 | 3.86667 |      -44
  41 | 3.86667 |      -40
  42 | 8.08333 |        0
  42 | 8.08333 |        7
  42 |    9.25 |        7
  42 | 9.58333 |        7
  42 | 9.58333 |        0
  42 | 9.58333 |      -11
  42 |   10.75 |      -11
  42 |   10.75 |      -19
  42 | 10.8333 |      -19
  42 | 10.8333 |    -24.5
  42 | 11.8333 |    -24.5
  42 | 12.5833 |    -24.5
  42 | 12.5833 |      -22
  42 | 12.8333 |      -22
  42 |   14.25 |      -22
  42 |   14.25 |    -24.5
  42 | 14.9167 |    -24.5
  42 | 14.9167 |    -29.5
  42 | 12.5833 |    -29.5
  42 | 12.5833 |      -33
  42 |   12.25 |      -33
  42 |   12.25 |      -35
  42 |      11 |      -35
  42 | 10.8333 |      -35
  42 | 10.8333 | -31.1667
  42 | 10.5833 | -31.1667
  42 | 10.5833 | -29.1667
  42 |   10.25 | -29.1667
  42 |   10.25 |    -26.5
  42 |    9.75 |    -26.5
  42 |    9.75 |      -24
  42 | 9.36667 |      -24
  42 | 9.08333 |      -24
  42 | 9.08333 |      -19
  42 | 8.58333 |      -19
  42 | 8.58333 |      -17
  42 | 8.36667 |      -17
  42 | 8.36667 |      -11
  42 | 8.08333 |      -11
  43 | 4.58333 |    -67.5
  43 | 4.58333 |      -70
  43 | 4.58333 |      -75
  43 |     3.5 |      -75
  43 |     3.5 |    -82.5
  43 |       0 |    -82.5
  43 |       0 |      -75
  43 |    0.75 |      -75
  43 |    0.75 |      -76
  43 | 1.33333 |      -76
  43 | 1.33333 |    -58.5
  43 | 2.16667 |    -58.5
  43 | 2.16667 |    -67.5
  43 |     3.2 |    -67.5
  44 | 21.3333 |      -75
  44 | 21.3333 |      -60
  44 | 20.3333 |      -60
  44 | 20.3333 |      -57
  44 | 20.3333 |    -45.5
  44 | 21.3333 |    -45.5
  44 | 21.3333 |      -50
  44 |      22 |      -50
  44 |      22 |      -57
  44 |      22 |    -67.5
  44 | 23.3333 |    -67.5
  44 | 23.3333 |      -75
  45 |  21.875 |       36
  45 |  21.875 |    43.75
  45 | 21.9083 |    43.75
  45 | 21.9083 |       44
  45 | 21.9667 |       44
  45 | 21.9667 |    52.75
  45 | 22.1333 |    52.75
  45 | 22.1333 |       55
  45 | 22.3167 |       55
  45 | 22.3167 |    56.25
  45 | 22.8667 |    56.25
  45 | 22.8667 |     52.5
  45 | 22.8667 |     34.5
  45 | 22.8167 |     34.5
  45 | 22.8167 |       35
  45 |      22 |       35
  45 |      22 |       36
  46 |   10.75 |        0
  46 |   10.75 |        7
  46 | 9.58333 |        7
  46 |    9.25 |        7
  46 |    9.25 |     33.5
  46 | 9.88333 |     33.5
  46 | 9.88333 |     28.5
  46 |    10.5 |     28.5
  46 |    10.5 |     23.5
  46 |   10.75 |     23.5
  46 |   10.75 |     25.5
  46 |      11 |     25.5
  46 |      11 |       29
  46 | 11.8667 |       29
  46 | 11.8667 |       14
  46 | 11.8667 |       11
  46 | 11.5167 |       11
  46 | 11.5167 |        0
  46 | 11.5167 |       -6
  46 |   10.75 |       -6
  47 |    9.25 |     33.5
  47 |    9.25 |    39.75
  47 | 9.58333 |    39.75
  47 | 9.58333 |       42
  47 | 10.1667 |       42
  47 | 10.1667 |       40
  47 | 10.7833 |       40
  47 | 10.7833 |       34
  47 |      11 |       34
  47 |      11 |       29
  47 |      11 |     25.5
  47 |   10.75 |     25.5
  47 |   10.75 |     23.5
  47 |    10.5 |     23.5
  47 |    10.5 |     28.5
  47 | 9.88333 |     28.5
  47 | 9.88333 |     33.5
  48 | 4.83333 |   -27.25
  48 | 4.83333 |    -14.5
  48 | 4.91667 |    -14.5
  48 | 4.91667 |      -11
  48 | 5.08333 |      -11
  48 | 5.83333 |      -11
  48 | 6.11667 |      -11
  48 | 6.11667 |   -27.25
  48 |       5 |   -27.25
  49 | 15.0833 |        0
  49 | 15.0833 |    -3.25
  49 | 15.9167 |    -3.25
  49 | 15.9167 |       -8
  49 | 15.9167 |      -20
  49 | 15.6667 |      -20
  49 | 15.6667 |    -29.5
  49 | 14.9167 |    -29.5
  49 | 14.9167 |    -24.5
  49 |   14.25 |    -24.5
  49 |   14.25 |      -22
  49 |   14.25 |       -8
  49 | 14.6667 |       -8
  49 | 14.6667 |        0
  50 | 14.1667 |      -55
  50 | 14.1667 |      -42
  50 | 14.9167 |      -42
  50 | 14.9167 |    -29.5
  50 | 15.6667 |    -29.5
  50 |      16 |    -29.5
  50 |      16 |      -42
  50 | 15.6667 |      -42
  50 | 15.6667 |      -48
  50 | 15.3333 |      -48
  50 | 15.3333 |      -54
  50 |   15.05 |      -54
  50 |   15.05 |      -55
  50 | 14.5333 |      -55
  51 | 7.36667 |     35.5
  51 | 7.36667 |     44.5
  51 |     6.8 |     44.5
  51 |     6.8 |       50
  51 |     6.5 |       50
  51 |     6.5 |       54
  51 |     6.1 |       54
  51 |     6.1 |       56
  51 |     6.1 |       62
  51 |       7 |       62
  51 |       7 |       60
  51 | 7.96667 |       60
  51 | 8.41667 |       60
  51 | 8.41667 |       47
  51 | 9.16667 |       47
  51 | 9.16667 |       42
  51 | 9.58333 |       42
  51 | 9.58333 |    39.75
  51 |    9.25 |    39.75
  51 |    9.25 |     33.5
  51 |       8 |     33.5
  51 |    7.75 |     33.5
  51 |    7.75 |     35.5
  52 | 18.8667 |     25.5
  52 | 18.8667 |       26
  52 | 18.3667 |       26
  52 | 18.3667 |       30
  52 |  18.175 |       30
  52 |  18.175 |     47.5
  52 | 18.2333 |     47.5
  52 | 19.0833 |     47.5
  52 | 19.1667 |     47.5
  52 | 19.1667 |     43.5
  52 |    19.4 |     43.5
  52 |    19.4 |     36.5
  52 | 19.3583 |     36.5
  52 | 19.3583 |       30
  52 | 19.2583 |       30
  52 | 19.2583 |     27.5
  52 | 19.2583 |     25.5
  53 | 7.66667 |      -85
  53 |     3.5 |      -85
  53 |     3.5 |    -82.5
  53 |     3.5 |      -75
  53 | 4.58333 |      -75
  53 | 4.58333 |      -70
  53 | 6.58333 |      -70
  53 | 6.58333 |      -75
  53 | 7.66667 |      -75
  53 | 7.66667 |    -82.5
  54 | 20.3333 |      -28
  54 | 21.3333 |      -28
  54 | 21.3333 |      -37
  54 | 21.3333 |    -45.5
  54 | 20.3333 |    -45.5
  55 | 6.24167 |        0
  55 | 6.24167 |       10
  55 | 6.30833 |       10
  55 | 6.30833 |       12
  55 | 6.93333 |       12
  55 | 6.93333 |       10
  55 |       7 |       10
  55 |       7 |      5.5
  55 | 7.01667 |      5.5
  55 | 7.01667 |      1.5
  55 |     7.2 |      1.5
  55 |     7.2 |        0
  55 | 8.08333 |        0
  55 | 8.08333 |      -11
  55 | 7.36667 |      -11
  55 | 6.11667 |      -11
  55 | 5.83333 |      -11
  55 | 5.83333 |       -4
  55 | 6.24167 |       -4
  56 |   11.25 |      -64
  56 | 11.8333 |      -64
  56 | 12.8333 |      -64
  56 |    13.5 |      -64
  56 |    13.5 |      -65
  56 | 13.6667 |      -65
  56 | 13.6667 |      -70
  56 | 13.6667 |      -75
  56 |   11.25 |      -75
  57 | 15.3333 |      -60
  57 | 15.3333 |      -55
  57 |   15.05 |      -55
  57 |   15.05 |      -54
  57 | 15.3333 |      -54
  57 | 15.3333 |      -48
  57 | 15.6667 |      -48
  57 | 15.6667 |      -42
  57 |      16 |      -42
  57 | 16.4208 |      -42
  57 | 16.4208 |    -45.5
  57 | 16.4208 |      -60
  58 |       0 |      -75
  58 |       0 |    -82.5
  58 |     3.5 |    -82.5
  58 |     3.5 |      -85
  58 | 7.66667 |      -85
  58 | 7.66667 |    -82.5
  58 | 13.6667 |    -82.5
  58 |      18 |    -82.5
  58 |      18 |      -75
  58 | 21.3333 |      -75
  58 | 23.3333 |      -75
  59 | 16.2667 |        0
  59 | 16.2667 |        4
  59 |   16.75 |        4
  59 |   16.75 |  12.8333
  59 |   17.25 |  12.8333
  59 |   17.25 |  14.3333
  59 |   18.25 |  14.3333
  59 |   18.25 |       12
  59 | 18.6622 |       12
  59 | 18.6622 |     6.25
  59 |   18.25 |     6.25
  59 |   18.25 |      4.5
  59 |  18.425 |      4.5
  59 |  18.425 |        3
  59 |   18.25 |        3
  59 |   18.25 |        0
  59 | 17.8333 |        0
  59 | 17.8333 |       -4
  59 | 17.9667 |       -4
  59 | 17.9667 |      -10
  59 | 17.6667 |      -10
  59 | 17.6667 | -11.6667
  59 | 17.5833 | -11.6667
  59 | 17.5833 |      -10
  59 | 17.1667 |      -10
  59 | 17.1667 |      -16
  59 |    17.6 |      -16
  59 |    17.6 |      -30
  59 |   16.75 |      -30
  59 |   16.75 | -24.5833
  59 | 16.2667 | -24.5833
  59 | 16.2667 |   -19.25
  59 |  16.375 |   -19.25
  59 |  16.375 |   -18.25
  59 | 16.2667 |   -18.25
  59 | 16.2667 |       -8
  59 | 15.9167 |       -8
  59 | 15.9167 |    -3.25
  59 | 16.2667 |    -3.25
  60 | 4.61667 |        0
  60 | 4.61667 |     15.5
  60 | 4.96667 |     15.5
  60 | 4.96667 |       16
  60 | 5.33333 |       16
  60 | 5.33333 |     15.5
  60 |     5.6 |     15.5
  60 |     5.6 |     12.5
  60 | 5.76667 |     12.5
  60 | 5.76667 |       18
  60 |     5.7 |       18
  60 |     5.7 |  22.8333
  60 | 5.88333 |  22.8333
  60 | 5.88333 |     21.5
  60 | 6.21667 |     21.5
  60 | 6.21667 |     17.5
  60 | 6.30833 |     17.5
  60 | 6.30833 |       12
  60 | 6.30833 |       10
  60 | 6.24167 |       10
  60 | 6.24167 |        0
  60 | 6.24167 |       -4
  60 | 5.83333 |       -4
  60 | 5.83333 |      -11
  60 | 5.08333 |      -11
  60 | 5.08333 |       -4
  60 | 4.66667 |       -4
  60 | 4.66667 |        0
  61 |      18 |      -75
  61 |      18 |    -67.5
  61 |    17.5 |    -67.5
  61 |    17.5 |      -57
  61 |      18 |      -57
  61 | 20.3333 |      -57
  61 | 20.3333 |      -60
  61 | 21.3333 |      -60
  61 | 21.3333 |      -75
  62 | 21.3333 |        2
  62 | 21.3333 |     12.5
  62 | 21.1167 |     12.5
  62 | 21.1167 |  11.8333
  62 |   21.05 |  11.8333
  62 |   21.05 |     19.5
  62 |   21.25 |     19.5
  62 |   21.25 |     23.5
  62 | 21.4167 |     23.5
  62 | 21.4167 |       28
  62 | 21.7333 |       28
  62 | 21.7333 |       36
  62 |  21.875 |       36
  62 |      22 |       36
  62 |      22 |       35
  62 | 22.8167 |       35
  62 | 22.8167 |     34.5
  62 | 22.8667 |     34.5
  62 |    23.5 |     34.5
  62 |    23.5 |  32.0833
  62 |   23.75 |  32.0833
  62 |   23.75 |  31.3333
  62 |       0 |  31.3333
  62 |       0 |       28
  62 | 0.06667 |       28
  62 | 0.06667 |       22
  62 | 0.14167 |       22
  62 | 0.14167 |       21
  62 | 0.14167 |     12.5
  62 |       0 |     12.5
  62 |       0 |       10
  62 | 23.8333 |       10
  62 | 23.8333 |      7.5
  62 |   22.75 |      7.5
  62 |   22.75 |        2
  62 |      22 |        2
  62 |      22 |     1.75
  62 | 21.6667 |     1.75
  62 | 21.6667 |     2.75
  62 | 21.4667 |     2.75
  62 | 21.4667 |        2
  63 | 2.71667 |  30.6667
  63 | 2.71667 |       34
  63 | 2.56667 |       34
  63 | 2.56667 |    36.75
  63 | 2.51667 |    36.75
  63 | 2.51667 |     50.5
  63 | 2.04167 |     50.5
  63 | 2.04167 |       47
  63 | 1.66667 |       47
  63 | 1.66667 |       50
  63 | 1.36667 |       50
  63 | 1.36667 |       54
  63 |     1.7 |       54
  63 |     1.7 |     57.5
  63 | 1.90833 |     57.5
  63 | 1.90833 |     58.5
  63 | 2.43333 |     58.5
  63 | 2.43333 |       57
  63 |     3.1 |       57
  63 | 3.16667 |       57
  63 | 3.16667 |       55
  63 | 3.33333 |       55
  63 | 3.33333 |     52.5
  63 | 4.69167 |     52.5
  63 | 4.69167 |       36
  63 |     4.5 |       36
  63 |     4.5 |  30.6667
  63 | 3.36667 |  30.6667
  64 | 23.3333 |      -40
  64 | 1.66667 |      -40
  64 | 2.33333 |      -40
  64 | 2.33333 | -48.1667
  64 | 1.83333 | -48.1667
  64 | 1.83333 |    -51.5
  64 | 1.58333 |    -51.5
  64 | 1.58333 |    -53.5
  64 | 1.33333 |    -53.5
  64 | 1.33333 |    -58.5
  64 | 23.3333 |    -58.5
  64 | 23.3333 |      -57
  65 |       6 |      -43
  65 |       6 |   -50.75
  65 |       6 |    -52.5
  65 | 6.16667 |    -52.5
  65 | 6.16667 |      -55
  65 |     6.5 |      -55
  65 |     6.5 |      -58
  65 | 6.83333 |      -58
  65 | 6.83333 |      -64
  65 | 6.58333 |      -64
  65 |       6 |      -64
  65 |       6 |      -61
  65 |     5.5 |      -61
  65 |     5.5 |    -57.5
  65 |       5 |    -57.5
  65 |       5 |      -54
  65 |     4.5 |      -54
  65 |     4.5 |      -49
  65 |     4.5 |    -46.5
  65 | 4.83333 |    -46.5
  65 | 4.83333 |      -43
  65 |       5 |      -43
  66 |   22.75 |        0
  66 |   22.75 |        2
  66 |   22.75 |      7.5
  66 | 23.8333 |      7.5
  66 | 23.8333 |       10
  66 |       0 |       10
  66 |       0 |     12.5
  66 | 0.14167 |     12.5
  66 | 0.14167 |       21
  66 |    0.85 |       21
  66 |    0.85 |    23.75
  66 | 0.71667 |    23.75
  66 | 0.71667 |       33
  66 | 1.40833 |       33
  66 | 1.40833 |       28
  66 | 1.66667 |       28
  66 | 1.66667 |       25
  66 | 1.66667 |  9.91667
  66 |       2 |  9.91667
  66 |       2 |        2
  66 | 0.33333 |        2
  66 | 0.33333 |        0
  66 | 0.33333 |       -7
  66 | 23.8333 |       -7
  66 | 23.8333 |       -4
  66 |   22.75 |       -4
  67 |      23 |    -25.5
  67 |      23 |      -37
  67 | 21.3333 |      -37
  67 | 21.3333 |      -28
  67 | 21.3333 |    -25.5
  67 | 21.8667 |    -25.5
  68 | 7.36667 |      -11
  68 | 8.08333 |      -11
  68 | 8.36667 |      -11
  68 | 8.36667 |      -17
  68 | 8.36667 |   -36.75
  68 | 8.36667 |      -43
  68 |       8 |      -43
  68 |       8 |   -50.75
  68 |       6 |   -50.75
  68 |       6 |      -43
  68 | 6.58333 |      -43
  68 | 6.58333 |      -33
  68 | 7.36667 |      -33
  69 | 8.36667 |      -17
  69 | 8.58333 |      -17
  69 | 8.58333 |      -19
  69 | 9.08333 |      -19
  69 | 9.08333 |      -24
  69 | 9.36667 |      -24
  69 | 9.36667 |   -36.75
  69 | 8.36667 |   -36.75
  70 |     3.2 |    -67.5
  70 |     3.2 |    -57.5
  70 |     3.5 |    -57.5
  70 |     3.5 | -53.1667
  70 | 3.83333 | -53.1667
  70 |       4 | -53.1667
  70 |       4 |    -56.5
  70 | 4.33333 |    -56.5
  70 | 4.33333 |      -59
  70 | 4.58333 |      -59
  70 | 4.58333 |    -67.5
  71 | 18.8667 |     18.5
  71 | 18.8667 |  21.0833
  71 |   19.25 |  21.0833
  71 |   19.25 |  19.1667
  71 | 19.8333 |  19.1667
  71 | 19.8333 |    21.25
  71 |   20.25 |    21.25
  71 |   20.25 |     20.5
  71 |   20.25 |    15.75
  71 | 20.1417 |    15.75
  71 | 19.8333 |    15.75
  71 | 19.8333 |  16.1667
  71 |      19 |  16.1667
  71 |      19 |     18.5
  72 | 18.8667 | -12.0333
  72 |      20 | -12.0333
  72 |      20 |      -28
  72 | 20.3333 |      -28
  72 | 20.3333 |    -45.5
  72 | 19.1667 |    -45.5
  72 | 19.1667 |      -37
  72 | 17.8333 |      -37
  72 | 17.8333 |      -30
  72 |    17.6 |      -30
  72 |    17.6 |      -16
  72 |   18.25 |      -16
  72 | 18.8667 |      -16
  73 | 15.9167 |       -8
  73 | 16.2667 |       -8
  73 | 16.2667 |   -18.25
  73 |  16.375 |   -18.25
  73 |  16.375 |   -19.25
  73 | 16.2667 |   -19.25
  73 | 16.2667 | -24.5833
  73 |   16.75 | -24.5833
  73 |   16.75 |      -30
  73 |    17.6 |      -30
  73 | 17.8333 |      -30
  73 | 17.8333 |      -37
  73 | 17.8333 |    -45.5
  73 | 16.4208 |    -45.5
  73 | 16.4208 |      -42
  73 |      16 |      -42
  73 |      16 |    -29.5
  73 | 15.6667 |    -29.5
  73 | 15.6667 |      -20
  73 | 15.9167 |      -20
  74 |      23 |    -25.5
  74 | 23.8333 |    -25.5
  74 | 1.66667 |    -25.5
  74 | 1.66667 |      -40
  74 | 23.3333 |      -40
  74 | 23.3333 |      -37
  74 |      23 |      -37
  75 |   18.25 |      -16
  75 |   18.25 |       -4
  75 | 18.5833 |       -4
  75 | 18.8667 |       -4
  75 | 18.8667 | -12.0333
  75 | 18.8667 |      -16
  77 | 15.0833 |        0
  77 | 15.0833 |        8
  77 | 15.0833 |       26
  77 | 15.1833 |       26
  77 | 16.0333 |       26
  77 | 16.0333 |       22
  77 | 15.9167 |       22
  77 | 15.9167 |       16
  77 | 16.0833 |       16
  77 | 16.0833 |        4
  77 | 16.2667 |        4
  77 | 16.2667 |        0
  77 | 16.2667 |    -3.25
  77 | 15.9167 |    -3.25
  77 | 15.0833 |    -3.25
  76 |   18.25 |        0
  76 |   18.25 |        3
  76 |  18.425 |        3
  76 |  18.425 |      4.5
  76 |   18.25 |      4.5
  76 |   18.25 |     6.25
  76 | 18.6622 |     6.25
  76 | 18.8667 |     6.25
  76 | 18.8667 |        2
  76 | 18.5833 |        2
  76 | 18.5833 |        0
  76 | 18.5833 |       -4
  76 |   18.25 |       -4
  76 |   18.25 |      -16
  76 |    17.6 |      -16
  76 | 17.1667 |      -16
  76 | 17.1667 |      -10
  76 | 17.5833 |      -10
  76 | 17.5833 | -11.6667
  76 | 17.6667 | -11.6667
  76 | 17.6667 |      -10
  76 | 17.9667 |      -10
  76 | 17.9667 |       -4
  76 | 17.8333 |       -4
  76 | 17.8333 |        0
  78 | 9.58333 |        0
  78 | 9.58333 |        7
  78 |   10.75 |        7
  78 |   10.75 |        0
  78 |   10.75 |       -6
  78 |   10.75 |      -11
  78 | 9.58333 |      -11
  79 | 3.28333 |    -1.75
  79 | 3.28333 |        0
  79 | 3.28333 |  9.91667
  79 | 3.28333 |       19
  79 | 3.36667 |       19
  79 | 3.36667 |  30.6667
  79 |     4.5 |  30.6667
  79 |     4.5 |       30
  79 |    4.75 |       30
  79 |    4.75 |     28.5
  79 | 5.88333 |     28.5
  79 | 5.88333 |       28
  79 | 5.88333 |  22.8333
  79 |     5.7 |  22.8333
  79 |     5.7 |       18
  79 | 5.76667 |       18
  79 | 5.76667 |     12.5
  79 |     5.6 |     12.5
  79 |     5.6 |     15.5
  79 | 5.33333 |     15.5
  79 | 5.33333 |       16
  79 | 4.96667 |       16
  79 | 4.96667 |     15.5
  79 | 4.61667 |     15.5
  79 | 4.61667 |        0
  79 | 3.58333 |        0
  79 | 3.58333 |    -1.75
  80 | 20.3333 |      -57
  80 |      18 |      -57
  80 |      18 |    -45.5
  80 | 19.1667 |    -45.5
  80 | 20.3333 |    -45.5
  81 | 1.66667 |       25
  81 | 1.66667 |       28
  81 | 1.40833 |       28
  81 | 1.40833 |       33
  81 | 1.40833 |       35
  81 |       2 |       35
  81 |       2 |    36.75
  81 | 2.51667 |    36.75
  81 | 2.56667 |    36.75
  81 | 2.56667 |       34
  81 | 2.71667 |       34
  81 | 2.71667 |  30.6667
  81 | 2.41667 |  30.6667
  81 | 2.41667 |    27.25
  81 | 1.91667 |    27.25
  81 | 1.91667 |       25
  82 |   14.75 |      -70
  82 |   14.75 |    -67.5
  82 | 14.9167 |    -67.5
  82 | 14.9167 | -63.5833
  82 | 15.1667 | -63.5833
  82 | 15.1667 |      -61
  82 | 15.3333 |      -61
  82 | 15.3333 |      -60
  82 | 16.4208 |      -60
  82 | 16.4208 |      -61
  82 | 16.5833 |      -61
  82 | 16.5833 | -63.5833
  82 |   16.75 | -63.5833
  82 |   16.75 |      -65
  82 | 16.8333 |      -65
  82 | 16.8333 |    -67.5
  82 |      17 |    -67.5
  82 |      17 |      -70
  83 | 23.3333 |      -75
  83 | 23.3333 |    -67.5
  83 |      22 |    -67.5
  83 |      22 |      -57
  83 | 23.3333 |      -57
  83 | 23.3333 |    -58.5
  83 | 1.33333 |    -58.5
  83 | 1.33333 |      -76
  83 |    0.75 |      -76
  83 |    0.75 |      -75
  83 |       0 |      -75
  84 | 9.58333 |       42
  84 | 9.16667 |       42
  84 | 9.16667 |       47
  84 | 8.41667 |       47
  84 | 8.41667 |       60
  84 | 7.96667 |       60
  84 | 7.96667 |     73.5
  84 | 9.16667 |     73.5
  84 | 11.3333 |     73.5
  84 | 11.3333 |     66.5
  84 |      12 |     66.5
  84 |      12 |       64
  84 |    13.5 |       64
  84 |    13.5 |       63
  84 | 14.4167 |       63
  84 | 14.4167 |     55.5
  84 | 14.0333 |     55.5
  84 | 14.0333 |     48.5
  84 |    13.5 |     48.5
  84 |    13.5 |       53
  84 | 12.0833 |       53
  84 | 12.0833 |       45
  84 |      12 |       45
  84 |      12 |       34
  84 |      12 |       29
  84 | 11.8667 |       29
  84 |      11 |       29
  84 |      11 |       34
  84 | 10.7833 |       34
  84 | 10.7833 |       40
  84 | 10.1667 |       40
  84 | 10.1667 |       42
  85 |      13 |       77
  85 | 13.5833 |       77
  85 | 13.5833 |       80
  85 |    14.5 |       80
  85 |    14.5 |     86.5
  85 |       8 |     86.5
  85 |       8 |       88
  85 |      23 |       88
  85 |      23 |  86.1667
  85 |      21 |  86.1667
  85 |      21 |       86
  85 |      18 |       86
  85 |      18 |       80
  85 |    17.5 |       80
  85 |    17.5 |       75
  85 | 16.5333 |       75
  85 | 16.5333 |       70
  85 | 15.6667 |       70
  85 | 15.6667 |       66
  85 |      14 |       66
  85 |      14 |       70
  85 |      13 |       70
  86 |      11 |    -56.5
  86 | 8.83333 |    -56.5
  86 | 8.83333 |    -54.5
  86 |    8.45 |    -54.5
  86 |    8.45 |      -53
  86 | 8.16667 |      -53
  86 | 8.16667 |   -50.75
  86 |       8 |   -50.75
  86 |       8 |      -43
  86 | 8.36667 |      -43
  86 | 8.36667 |   -36.75
  86 | 9.36667 |   -36.75
  86 | 9.36667 |   -39.75
  86 |      11 |   -39.75
  87 | 11.5167 |        0
  87 | 11.5167 |       11
  87 | 11.8667 |       11
  87 | 11.8667 |       14
  87 | 12.8333 |       14
  87 | 12.8333 |       15
  87 |    13.5 |       15
  87 |    13.5 |        8
  87 | 15.0833 |        8
  87 | 15.0833 |        0
  87 | 14.6667 |        0
  87 | 14.6667 |       -8
  87 |   14.25 |       -8
  87 |   14.25 |      -22
  87 | 12.8333 |      -22
  87 | 12.8333 |      -11
  87 | 11.8333 |      -11
  87 | 11.8333 |       -6
  87 | 11.5167 |       -6
  88 | 6.58333 |      -64
  88 | 6.83333 |      -64
  88 | 9.03333 |      -64
  88 | 9.03333 |      -75
  88 | 7.66667 |      -75
  88 | 6.58333 |      -75
  88 | 6.58333 |      -70
  89 | 18.8667 |  21.0833
  89 | 18.8667 |     25.5
  89 | 19.2583 |     25.5
  89 | 19.2583 |     27.5
  89 | 19.6667 |     27.5
  89 | 19.6667 |       29
  89 | 20.9167 |       29
  89 | 20.9167 |       28
  89 | 21.4167 |       28
  89 | 21.4167 |     23.5
  89 |   21.25 |     23.5
  89 |   21.25 |     19.5
  89 |   21.05 |     19.5
  89 | 20.5667 |     19.5
  89 | 20.5667 |     20.5
  89 |   20.25 |     20.5
  89 |   20.25 |    21.25
  89 | 19.8333 |    21.25
  89 | 19.8333 |  19.1667
  89 |   19.25 |  19.1667
  89 |   19.25 |  21.0833
